7|31/12/2016|01|001|32641||6|20470234599|AK DRILLING INTERNATIONAL S.A.||0.00|0.00|0.00||0.00|202.96||||
7|31/12/2016|01|001|32642||6|20470234599|AK DRILLING INTERNATIONAL S.A.||0.00|0.00|0.00||0.00|101.48||||
7|31/12/2016|01|001|32643||6|20470234599|AK DRILLING INTERNATIONAL S.A.||0.00|0.00|0.00||0.00|264.0||||
7|31/12/2016|01|001|32644||6|20470234599|AK DRILLING INTERNATIONAL S.A.||0.00|0.00|0.00||0.00|291.0||||
7|31/12/2016|01|001|32645||6|20470234599|AK DRILLING INTERNATIONAL S.A.||0.00|0.00|0.00||0.00|28.0||||
7|31/12/2016|01|001|32646||6|20470234599|AK DRILLING INTERNATIONAL S.A.||0.00|0.00|0.00||0.00|212.0||||
7|31/12/2016|01|001|32647||6|20470234599|AK DRILLING INTERNATIONAL S.A.||0.00|0.00|0.00||0.00|106.0||||
7|31/12/2016|01|001|32648||6|20470234599|AK DRILLING INTERNATIONAL S.A.||0.00|0.00|0.00||0.00|264.0||||
7|31/12/2016|01|001|32763||6|20470234599|AK DRILLING INTERNATIONAL S.A.||0.00|0.00|0.00||0.00|198.0||||
7|31/12/2016|01|001|32764||6|20470234599|AK DRILLING INTERNATIONAL S.A.||0.00|0.00|0.00||0.00|291.0||||
7|31/12/2016|01|001|32765||6|20470234599|AK DRILLING INTERNATIONAL S.A.||0.00|0.00|0.00||0.00|264.0||||
7|31/12/2016|01|001|32766||6|20470234599|AK DRILLING INTERNATIONAL S.A.||0.00|0.00|0.00||0.00|132.0||||
7|31/12/2016|01|001|32767||6|20470234599|AK DRILLING INTERNATIONAL S.A.||0.00|0.00|0.00||0.00|99.0||||
7|31/12/2016|01|001|32768||6|20470234599|AK DRILLING INTERNATIONAL S.A.||0.00|0.00|0.00||0.00|212.0||||
7|31/12/2016|01|001|32769||6|20470234599|AK DRILLING INTERNATIONAL S.A.||0.00|0.00|0.00||0.00|291.0||||
7|31/12/2016|01|001|32770||6|20470234599|AK DRILLING INTERNATIONAL S.A.||0.00|0.00|0.00||0.00|145.0||||
7|31/12/2016|01|001|32771||6|20470234599|AK DRILLING INTERNATIONAL S.A.||0.00|0.00|0.00||0.00|28.0||||
7|31/12/2016|01|001|33105||6|20470234599|AK DRILLING INTERNATIONAL S.A.||0.00|0.00|0.00||0.00|14750.0||||
7|31/12/2016|01|001|33106||6|20470234599|AK DRILLING INTERNATIONAL S.A.||0.00|0.00|0.00||0.00|5428.0||||
7|31/12/2016|01|001|33107||6|20470234599|AK DRILLING INTERNATIONAL S.A.||0.00|0.00|0.00||0.00|8496.0||||
7|31/12/2016|01|001|33108||6|20470234599|AK DRILLING INTERNATIONAL S.A.||0.00|0.00|0.00||0.00|3964.8||||
7|31/12/2016|01|001|33282||6|20470234599|AK DRILLING INTERNATIONAL S.A.||0.00|0.00|0.00||0.00|13924.0||||
7|31/12/2016|01|001|33350||6|20470234599|AK DRILLING INTERNATIONAL S.A.||0.00|0.00|0.00||0.00|5782.0||||
7|31/12/2016|01|001|33351||6|20470234599|AK DRILLING INTERNATIONAL S.A.||0.00|0.00|0.00||0.00|5782.0||||
7|31/12/2016|01|001|33352||6|20470234599|AK DRILLING INTERNATIONAL S.A.||0.00|0.00|0.00||0.00|9204.0||||
7|31/12/2016|01|001|33353||6|20470234599|AK DRILLING INTERNATIONAL S.A.||0.00|0.00|0.00||0.00|7139.0||||
7|31/12/2016|01|001|33354||6|20470234599|AK DRILLING INTERNATIONAL S.A.||0.00|0.00|0.00||0.00|10030.0||||
7|31/12/2016|01|001|33355||6|20470234599|AK DRILLING INTERNATIONAL S.A.||0.00|0.00|0.00||0.00|2360.0||||
7|31/12/2016|01|001|33356||6|20470234599|AK DRILLING INTERNATIONAL S.A.||0.00|0.00|0.00||0.00|4956.0||||
7|31/12/2016|01|001|33357||6|20470234599|AK DRILLING INTERNATIONAL S.A.||0.00|0.00|0.00||0.00|2360.0||||
7|31/12/2016|01|001|33509||6|20470234599|AK DRILLING INTERNATIONAL S.A.||0.00|0.00|0.00||0.00|8024.0||||
7|31/12/2016|01|001|31049||6|20296027945|C.A.M.E CONTRATISTAS Y SERV.GENERALES SA||0.00|0.00|0.00||0.00|23718.0||||
7|31/12/2016|01|001|31050||6|20296027945|C.A.M.E CONTRATISTAS Y SERV.GENERALES SA||0.00|0.00|0.00||0.00|2360.0||||
7|31/12/2016|01|001|31536||6|20100082391|COSAPI S A||0.00|0.00|0.00||0.00|95.0||||
7|31/12/2016|01|001|33253||6|20100082391|COSAPI S A||0.00|0.00|0.00||0.00|3738.0||||
7|31/12/2016|01|001|33254||6|20100082391|COSAPI S A||0.00|0.00|0.00||0.00|3738.0||||
7|31/12/2016|01|001|33255||6|20100082391|COSAPI S A||0.00|0.00|0.00||0.00|3738.0||||
7|31/12/2016|01|001|33348||6|20100082391|COSAPI S A||0.00|0.00|0.00||0.00|5437.0||||
7|31/12/2016|01|001|33347||6|20100082391|COSAPI S A||0.00|0.00|0.00||0.00|3738.0||||
7|31/12/2016|01|001|33512||6|20100082391|COSAPI S A||0.00|0.00|0.00||0.00|3422.0||||
7|31/12/2016|01|001|33513||6|20100082391|COSAPI S A||0.00|0.00|0.00||0.00|3894.0||||
7|31/12/2016|01|001|31961||6|20100028698|FERREYROS SOCIEDAD ANONIMA||0.00|0.00|0.00||0.00|15.93||||
7|31/12/2016|01|001|31963||6|20100028698|FERREYROS SOCIEDAD ANONIMA||0.00|0.00|0.00||0.00|15.93||||
7|31/12/2016|01|001|33386||6|20100028698|FERREYROS SOCIEDAD ANONIMA||0.00|0.00|0.00||0.00|2124.0||||
7|31/12/2016|01|001|33448||6|20100028698|FERREYROS SOCIEDAD ANONIMA||0.00|0.00|0.00||0.00|783.52||||
7|31/12/2016|01|001|33449||6|20100028698|FERREYROS SOCIEDAD ANONIMA||0.00|0.00|0.00||0.00|783.52||||
7|31/12/2016|01|001|33451||6|20100028698|FERREYROS SOCIEDAD ANONIMA||0.00|0.00|0.00||0.00|783.52||||
7|31/12/2016|01|001|33452||6|20100028698|FERREYROS SOCIEDAD ANONIMA||0.00|0.00|0.00||0.00|783.52||||
7|31/12/2016|01|001|33453||6|20100028698|FERREYROS SOCIEDAD ANONIMA||0.00|0.00|0.00||0.00|783.52||||
7|31/12/2016|01|001|33454||6|20100028698|FERREYROS SOCIEDAD ANONIMA||0.00|0.00|0.00||0.00|783.52||||
7|31/12/2016|01|001|33457||6|20100028698|FERREYROS SOCIEDAD ANONIMA||0.00|0.00|0.00||0.00|45258.9||||
7|31/12/2016|01|001|33458||6|20100028698|FERREYROS SOCIEDAD ANONIMA||0.00|0.00|0.00||0.00|41677.6||||
7|31/12/2016|01|001|33459||6|20100028698|FERREYROS SOCIEDAD ANONIMA||0.00|0.00|0.00||0.00|3894.0||||
7|31/12/2016|01|001|33460||6|20100028698|FERREYROS SOCIEDAD ANONIMA||0.00|0.00|0.00||0.00|17027.4||||
7|31/12/2016|01|001|33465||6|20100028698|FERREYROS SOCIEDAD ANONIMA||0.00|0.00|0.00||0.00|6461.68||||
7|31/12/2016|01|001|33319||6|20100154057|G Y M S.A.||0.00|0.00|0.00||0.00|5551.0||||
7|31/12/2016|01|001|33320||6|20100154057|G Y M S.A.||0.00|0.00|0.00||0.00|27527.0||||
7|31/12/2016|01|001|33321||6|20100154057|G Y M S.A.||0.00|0.00|0.00||0.00|2707.2||||
7|31/12/2016|01|001|33322||6|20100154057|G Y M S.A.||0.00|0.00|0.00||0.00|26734.0||||
7|31/12/2016|01|001|33323||6|20100154057|G Y M S.A.||0.00|0.00|0.00||0.00|33418.0||||
7|31/12/2016|01|001|33324||6|20100154057|G Y M S.A.||0.00|0.00|0.00||0.00|33418.0||||
7|31/12/2016|01|001|33325||6|20100154057|G Y M S.A.||0.00|0.00|0.00||0.00|33418.0||||
7|31/12/2016|01|001|33326||6|20100154057|G Y M S.A.||0.00|0.00|0.00||0.00|4248.0||||
7|31/12/2016|01|001|33329||6|20100154057|G Y M S.A.||0.00|0.00|0.00||0.00|14125.6||||
7|31/12/2016|01|001|33360||6|20100154057|G Y M S.A.||0.00|0.00|0.00||0.00|6684.0||||
7|31/12/2016|01|001|33361||6|20100154057|G Y M S.A.||0.00|0.00|0.00||0.00|2775.0||||
7|31/12/2016|01|001|33403||6|20100154057|G Y M S.A.||0.00|0.00|0.00||0.00|4633.2||||
7|31/12/2016|01|001|33404||6|20100154057|G Y M S.A.||0.00|0.00|0.00||0.00|6684.0||||
7|31/12/2016|01|001|33405||6|20100154057|G Y M S.A.||0.00|0.00|0.00||0.00|6797.0||||
7|31/12/2016|01|001|33406||6|20100154057|G Y M S.A.||0.00|0.00|0.00||0.00|6797.0||||
7|31/12/2016|01|001|33470||6|20100154057|G Y M S.A.||0.00|0.00|0.00||0.00|5551.0||||
7|31/12/2016|01|001|33471||6|20100154057|G Y M S.A.||0.00|0.00|0.00||0.00|6684.0||||
7|31/12/2016|01|001|33472||6|20100154057|G Y M S.A.||0.00|0.00|0.00||0.00|9561.2||||
7|31/12/2016|01|001|33492||6|20100154057|G Y M S.A.||0.00|0.00|0.00||0.00|1699.0||||
7|31/12/2016|01|001|33493||6|20100154057|G Y M S.A.||0.00|0.00|0.00||0.00|1699.0||||
7|31/12/2016|01|001|33494||6|20100154057|G Y M S.A.||0.00|0.00|0.00||0.00|2662.0||||
7|31/12/2016|01|001|33495||6|20100154057|G Y M S.A.||0.00|0.00|0.00||0.00|8768.2||||
7|31/12/2016|01|001|33496||6|20100154057|G Y M S.A.||0.00|0.00|0.00||0.00|35343.0||||
7|31/12/2016|01|001|33497||6|20100154057|G Y M S.A.||0.00|0.00|0.00||0.00|13594.0||||
7|31/12/2016|01|001|33498||6|20100154057|G Y M S.A.||0.00|0.00|0.00||0.00|19031.0||||
7|31/12/2016|01|001|33503||6|20100154057|G Y M S.A.||0.00|0.00|0.00||0.00|5168.4||||
7|31/12/2016|01|001|33504||6|20100154057|G Y M S.A.||0.00|0.00|0.00||0.00|8260.0||||
7|31/12/2016|01|001|33289||6|20109925757|HAUG S.A.||0.00|0.00|0.00||0.00|3965.0||||
7|31/12/2016|01|001|33292||6|20109925757|HAUG S.A.||0.00|0.00|0.00||0.00|4758.0||||
7|31/12/2016|01|001|33293||6|20109925757|HAUG S.A.||0.00|0.00|0.00||0.00|10875.0||||
7|31/12/2016|01|001|33294||6|20109925757|HAUG S.A.||0.00|0.00|0.00||0.00|4418.0||||
7|31/12/2016|01|001|33295||6|20109925757|HAUG S.A.||0.00|0.00|0.00||0.00|3512.0||||
7|31/12/2016|01|001|33296||6|20109925757|HAUG S.A.||0.00|0.00|0.00||0.00|5437.0||||
7|31/12/2016|01|001|33297||6|20109925757|HAUG S.A.||0.00|0.00|0.00||0.00|2039.0||||
7|31/12/2016|01|001|33369||6|20109925757|HAUG S.A.||0.00|0.00|0.00||0.00|3965.0||||
7|31/12/2016|01|001|33370||6|20109925757|HAUG S.A.||0.00|0.00|0.00||0.00|2039.0||||
7|31/12/2016|01|001|33371||6|20109925757|HAUG S.A.||0.00|0.00|0.00||0.00|2266.0||||
7|31/12/2016|01|001|33483||6|20109925757|HAUG S.A.||0.00|0.00|0.00||0.00|2419.0||||
7|31/12/2016|01|001|33484||6|20109925757|HAUG S.A.||0.00|0.00|0.00||0.00|5664.0||||
7|31/12/2016|01|001|33485||6|20109925757|HAUG S.A.||0.00|0.00|0.00||0.00|5664.0||||
7|31/12/2016|01|001|33486||6|20109925757|HAUG S.A.||0.00|0.00|0.00||0.00|4838.0||||
7|31/12/2016|01|001|33502||6|20109925757|HAUG S.A.||0.00|0.00|0.00||0.00|4838.0||||
7|31/12/2016|01|001|33505||6|20109925757|HAUG S.A.||0.00|0.00|0.00||0.00|2419.0||||
7|31/12/2016|01|001|33507||6|20109925757|HAUG S.A.||0.00|0.00|0.00||0.00|5664.0||||
7|31/12/2016|01|001|32650||6|20563546116|ELECTRONIC INTELLIGENT SOLUTIONS SOCIEDAD ANONIMA||0.00|0.00|0.00||0.00|472.0||||
7|31/12/2016|01|001|32951||6|20142920558|IMECON S.A.||0.00|0.00|0.00||0.00|906.0||||
7|31/12/2016|01|001|33094||6|20142920558|IMECON S.A.||0.00|0.00|0.00||0.00|13594.0||||
7|31/12/2016|01|001|33143||6|20142920558|IMECON S.A.||0.00|0.00|0.00||0.00|11894.0||||
7|31/12/2016|01|001|33222||6|20142920558|IMECON S.A.||0.00|0.00|0.00||0.00|6797.0||||
7|31/12/2016|01|001|33223||6|20142920558|IMECON S.A.||0.00|0.00|0.00||0.00|6797.0||||
7|31/12/2016|01|001|33224||6|20142920558|IMECON S.A.||0.00|0.00|0.00||0.00|6797.0||||
7|31/12/2016|01|001|33439||6|20142920558|IMECON S.A.||0.00|0.00|0.00||0.00|7080.0||||
7|31/12/2016|01|001|33440||6|20142920558|IMECON S.A.||0.00|0.00|0.00||0.00|7080.0||||
7|31/12/2016|01|001|33446||6|20142920558|IMECON S.A.||0.00|0.00|0.00||0.00|1534.0||||
7|31/12/2016|01|001|33283||6|20302241598|KOMATSU-MITSUI MAQUINARIAS PERU S.A.||0.00|0.00|0.00||0.00|2376.76||||
7|31/12/2016|01|001|33284||6|20302241598|KOMATSU-MITSUI MAQUINARIAS PERU S.A.||0.00|0.00|0.00||0.00|1928.24||||
7|31/12/2016|01|001|33461||6|20302241598|KOMATSU-MITSUI MAQUINARIAS PERU S.A.||0.00|0.00|0.00||0.00|2945.0||||
7|31/12/2016|01|001|33462||6|20302241598|KOMATSU-MITSUI MAQUINARIAS PERU S.A.||0.00|0.00|0.00||0.00|8836.0||||
7|31/12/2016|01|001|33467||6|20302241598|KOMATSU-MITSUI MAQUINARIAS PERU S.A.||0.00|0.00|0.00||0.00|11564.0||||
7|31/12/2016|01|001|33468||6|20302241598|KOMATSU-MITSUI MAQUINARIAS PERU S.A.||0.00|0.00|0.00||0.00|2605.0||||
7|31/12/2016|01|001|33518||6|20302241598|KOMATSU-MITSUI MAQUINARIAS PERU S.A.||0.00|0.00|0.00||0.00|1770.0||||
7|31/12/2016|01|001|33519||6|20302241598|KOMATSU-MITSUI MAQUINARIAS PERU S.A.||0.00|0.00|0.00||0.00|1770.0||||
7|31/12/2016|01|001|33520||6|20302241598|KOMATSU-MITSUI MAQUINARIAS PERU S.A.||0.00|0.00|0.00||0.00|16284.0||||
7|31/12/2016|01|001|19203||6|10292917177|MOGROVEJO ARANZAMENDI JULIO CESAR||0.00|0.00|0.00||0.00|2500.0||||
7|31/12/2016|01|001|32033||6|20470234599|AK DRILLING INTERNATIONAL S.A.||0.00|0.00|0.00||0.00|590.0||||
7|31/12/2016|01|001|32035||6|20470234599|AK DRILLING INTERNATIONAL S.A.||0.00|0.00|0.00||0.00|647.0||||
7|31/12/2016|01|001|32036||6|20470234599|AK DRILLING INTERNATIONAL S.A.||0.00|0.00|0.00||0.00|198.0||||
7|31/12/2016|01|001|32034||6|20470234599|AK DRILLING INTERNATIONAL S.A.||0.00|0.00|0.00||0.00|319.0||||
7|31/12/2016|01|001|33499||6|20600373863|SBP S.A.C.||0.00|0.00|0.00||0.00|222.0||||
7|31/12/2016|01|001|33500||6|20600373863|SBP S.A.C.||0.00|0.00|0.00||0.00|222.0||||
7|31/12/2016|01|001|33501||6|20600373863|SBP S.A.C.||0.00|0.00|0.00||0.00|222.0||||
7|31/12/2016|01|001|33510||6|20600373863|SBP S.A.C.||0.00|0.00|0.00||0.00|3363.0||||
7|31/12/2016|01|001|33514||6|20600373863|SBP S.A.C.||0.00|0.00|0.00||0.00|837.8||||
7|31/12/2016|01|001|33299||6|20546121250|STRACON GYM S.A.||0.00|0.00|0.00||0.00|15825.6||||
7|31/12/2016|01|001|33362||6|20546121250|STRACON GYM S.A.||0.00|0.00|0.00||0.00|1499.14||||
7|31/12/2016|01|001|33390||6|20546121250|STRACON GYM S.A.||0.00|0.00|0.00||0.00|9277.2||||
7|31/12/2016|01|001|33391||6|20546121250|STRACON GYM S.A.||0.00|0.00|0.00||0.00|906.0||||
7|31/12/2016|01|001|33392||6|20546121250|STRACON GYM S.A.||0.00|0.00|0.00||0.00|9643.34||||
7|31/12/2016|01|001|33393||6|20546121250|STRACON GYM S.A.||0.00|0.00|0.00||0.00|2656.1||||
7|31/12/2016|01|001|33394||6|20546121250|STRACON GYM S.A.||0.00|0.00|0.00||0.00|11045.0||||
7|31/12/2016|01|001|33395||6|20546121250|STRACON GYM S.A.||0.00|0.00|0.00||0.00|4995.8||||
7|31/12/2016|01|001|33396||6|20546121250|STRACON GYM S.A.||0.00|0.00|0.00||0.00|3398.0||||
7|31/12/2016|01|001|33397||6|20546121250|STRACON GYM S.A.||0.00|0.00|0.00||0.00|793.0||||
7|31/12/2016|01|001|33398||6|20546121250|STRACON GYM S.A.||0.00|0.00|0.00||0.00|10643.1||||
7|31/12/2016|01|001|33399||6|20546121250|STRACON GYM S.A.||0.00|0.00|0.00||0.00|5856.6||||
7|31/12/2016|01|001|33400||6|20546121250|STRACON GYM S.A.||0.00|0.00|0.00||0.00|12811.8||||
7|31/12/2016|01|001|33401||6|20546121250|STRACON GYM S.A.||0.00|0.00|0.00||0.00|1138.9||||
7|31/12/2016|01|001|33402||6|20546121250|STRACON GYM S.A.||0.00|0.00|0.00||0.00|998.76||||
7|31/12/2016|01|001|33372||6|20556193879|SKEX CONSTRUCCIONES S,A.C.||0.00|0.00|0.00||0.00|7316.0||||
7|31/12/2016|01|001|33373||6|20556193879|SKEX CONSTRUCCIONES S,A.C.||0.00|0.00|0.00||0.00|69266.0||||
7|31/12/2016|01|001|31975||6|20101145868|TECNICAS METALICAS INGENIEROS S.A.C.||0.00|0.00|0.00||0.00|19.47||||
7|31/12/2016|01|001|31978||6|20101145868|TECNICAS METALICAS INGENIEROS S.A.C.||0.00|0.00|0.00||0.00|19.47||||
7|31/12/2016|01|001|33376||6|20417573705|TECNO FAST S.A.C.||0.00|0.00|0.00||0.00|16815.0||||
7|31/12/2016|01|001|33379||6|20417573705|TECNO FAST S.A.C.||0.00|0.00|0.00||0.00|4130.0||||
7|31/12/2016|01|001|33033||6|20470234599|AK DRILLING INTERNATIONAL S.A.||0.00|0.00|0.00||0.00|6366.47||||
7|31/12/2016|01|001|33034||6|20470234599|AK DRILLING INTERNATIONAL S.A.||0.00|0.00|0.00||0.00|17051.0||||
7|31/12/2016|01|001|33035||6|20470234599|AK DRILLING INTERNATIONAL S.A.||0.00|0.00|0.00||0.00|14750.0||||
7|31/12/2016|01|001|33036||6|20470234599|AK DRILLING INTERNATIONAL S.A.||0.00|0.00|0.00||0.00|6608.0||||
7|31/12/2016|01|001|33037||6|20470234599|AK DRILLING INTERNATIONAL S.A.||0.00|0.00|0.00||0.00|2950.0||||
7|31/12/2016|01|001|33104||6|20470234599|AK DRILLING INTERNATIONAL S.A.||0.00|0.00|0.00||0.00|5428.0||||
7|31/12/2016|01|001|33381||6|20417573705|TECNO FAST S.A.C.||0.00|0.00|0.00||0.00|1180.0||||
7|31/12/2016|01|001|33382||6|20417573705|TECNO FAST S.A.C.||0.00|0.00|0.00||0.00|1180.0||||
7|31/12/2016|01|001|33383||6|20417573705|TECNO FAST S.A.C.||0.00|0.00|0.00||0.00|29500.0||||
7|31/12/2016|01|001|33384||6|20417573705|TECNO FAST S.A.C.||0.00|0.00|0.00||0.00|29500.0||||
7|31/12/2016|01|001|33385||6|20417573705|TECNO FAST S.A.C.||0.00|0.00|0.00||0.00|29500.0||||
7|31/12/2016|01|001|33387||6|20417573705|TECNO FAST S.A.C.||0.00|0.00|0.00||0.00|22420.0||||
7|31/12/2016|01|001|33388||6|20417573705|TECNO FAST S.A.C.||0.00|0.00|0.00||0.00|22420.0||||
7|31/12/2016|01|001|33389||6|20417573705|TECNO FAST S.A.C.||0.00|0.00|0.00||0.00|42480.0||||
7|31/12/2016|01|001|33444||6|20417573705|TECNO FAST S.A.C.||0.00|0.00|0.00||0.00|29500.0||||
7|31/12/2016|01|001|33445||6|20417573705|TECNO FAST S.A.C.||0.00|0.00|0.00||0.00|29500.0||||
7|31/12/2016|01|001|33447||6|20417573705|TECNO FAST S.A.C.||0.00|0.00|0.00||0.00|29500.0||||
7|31/12/2016|01|001|33455||6|20417573705|TECNO FAST S.A.C.||0.00|0.00|0.00||0.00|320.96||||
7|31/12/2016|01|001|33456||6|20417573705|TECNO FAST S.A.C.||0.00|0.00|0.00||0.00|320.96||||
7|31/12/2016|01|001|33508||6|20106740004|VULCO PERU S.A.||0.00|0.00|0.00||0.00|58174.0||||
7|31/12/2016|01|001|31987||6|20454133146|G & T S.A.C.||0.00|0.00|0.00||0.00|566.4||||
7|31/12/2016|01|001|33491||6|20454133146|G & T S.A.C.||0.00|0.00|0.00||0.00|8024.0||||
7|31/12/2016|01|001|32039||6|20470234599|AK DRILLING INTERNATIONAL S.A.||0.00|0.00|0.00||0.00|595.0||||
7|31/12/2016|01|001|32040||6|20470234599|AK DRILLING INTERNATIONAL S.A.||0.00|0.00|0.00||0.00|319.0||||
7|31/12/2016|01|001|32041||6|20470234599|AK DRILLING INTERNATIONAL S.A.||0.00|0.00|0.00||0.00|415.0||||
7|31/12/2016|01|001|32042||6|20470234599|AK DRILLING INTERNATIONAL S.A.||0.00|0.00|0.00||0.00|415.0||||
7|31/12/2016|01|001|32043||6|20470234599|AK DRILLING INTERNATIONAL S.A.||0.00|0.00|0.00||0.00|415.0||||
7|31/12/2016|01|001|32045||6|20470234599|AK DRILLING INTERNATIONAL S.A.||0.00|0.00|0.00||0.00|731.6||||
7|31/12/2016|01|001|32046||6|20470234599|AK DRILLING INTERNATIONAL S.A.||0.00|0.00|0.00||0.00|561.12||||
7|31/12/2016|01|001|32204||6|20470234599|AK DRILLING INTERNATIONAL S.A.||0.00|0.00|0.00||0.00|519.0||||
7|31/12/2016|01|001|32205||6|20470234599|AK DRILLING INTERNATIONAL S.A.||0.00|0.00|0.00||0.00|472.0||||
7|31/12/2016|01|001|32206||6|20470234599|AK DRILLING INTERNATIONAL S.A.||0.00|0.00|0.00||0.00|472.0||||
7|31/12/2016|01|001|32207||6|20470234599|AK DRILLING INTERNATIONAL S.A.||0.00|0.00|0.00||0.00|444.0||||
7|31/12/2016|01|001|32208||6|20470234599|AK DRILLING INTERNATIONAL S.A.||0.00|0.00|0.00||0.00|463.0||||
7|31/12/2016|01|001|32209||6|20470234599|AK DRILLING INTERNATIONAL S.A.||0.00|0.00|0.00||0.00|118.0||||
7|31/12/2016|01|001|32642||6|20470234599|AK DRILLING INTERNATIONAL S.A.||0.00|0.00|0.00||0.00|101.48||||
7|31/12/2016|01|001|32643||6|20470234599|AK DRILLING INTERNATIONAL S.A.||0.00|0.00|0.00||0.00|264.0||||
7|31/12/2016|01|001|32644||6|20470234599|AK DRILLING INTERNATIONAL S.A.||0.00|0.00|0.00||0.00|291.0||||
7|31/12/2016|01|001|32645||6|20470234599|AK DRILLING INTERNATIONAL S.A.||0.00|0.00|0.00||0.00|28.0||||
7|31/12/2016|01|001|32646||6|20470234599|AK DRILLING INTERNATIONAL S.A.||0.00|0.00|0.00||0.00|212.0||||
7|31/12/2016|01|001|32647||6|20470234599|AK DRILLING INTERNATIONAL S.A.||0.00|0.00|0.00||0.00|106.0||||
7|31/12/2016|01|001|32648||6|20470234599|AK DRILLING INTERNATIONAL S.A.||0.00|0.00|0.00||0.00|264.0||||
7|31/12/2016|01|001|32763||6|20470234599|AK DRILLING INTERNATIONAL S.A.||0.00|0.00|0.00||0.00|198.0||||
7|31/12/2016|01|001|32764||6|20470234599|AK DRILLING INTERNATIONAL S.A.||0.00|0.00|0.00||0.00|291.0||||
7|31/12/2016|01|001|32033||6|20470234599|AK DRILLING INTERNATIONAL S.A.||0.00|0.00|0.00||0.00|590.0||||
7|31/12/2016|01|001|32765||6|20470234599|AK DRILLING INTERNATIONAL S.A.||0.00|0.00|0.00||0.00|264.0||||
7|31/12/2016|01|001|32766||6|20470234599|AK DRILLING INTERNATIONAL S.A.||0.00|0.00|0.00||0.00|132.0||||
7|31/12/2016|01|001|32767||6|20470234599|AK DRILLING INTERNATIONAL S.A.||0.00|0.00|0.00||0.00|99.0||||
7|31/12/2016|01|001|32769||6|20470234599|AK DRILLING INTERNATIONAL S.A.||0.00|0.00|0.00||0.00|291.0||||
7|31/12/2016|01|001|32770||6|20470234599|AK DRILLING INTERNATIONAL S.A.||0.00|0.00|0.00||0.00|145.0||||
7|31/12/2016|01|001|32771||6|20470234599|AK DRILLING INTERNATIONAL S.A.||0.00|0.00|0.00||0.00|28.0||||
7|31/12/2016|01|001|32772||6|20470234599|AK DRILLING INTERNATIONAL S.A.||0.00|0.00|0.00||0.00|264.0||||
7|31/12/2016|01|001|32854||6|20470234599|AK DRILLING INTERNATIONAL S.A.||0.00|0.00|0.00||0.00|291.0||||
7|31/12/2016|01|001|32855||6|20470234599|AK DRILLING INTERNATIONAL S.A.||0.00|0.00|0.00||0.00|132.0||||
7|31/12/2016|01|001|32856||6|20470234599|AK DRILLING INTERNATIONAL S.A.||0.00|0.00|0.00||0.00|264.0||||
7|31/12/2016|01|001|32857||6|20470234599|AK DRILLING INTERNATIONAL S.A.||0.00|0.00|0.00||0.00|99.0||||
7|31/12/2016|01|001|32918||6|20470234599|AK DRILLING INTERNATIONAL S.A.||0.00|0.00|0.00||0.00|307.0||||
7|31/12/2016|01|001|32919||6|20470234599|AK DRILLING INTERNATIONAL S.A.||0.00|0.00|0.00||0.00|291.0||||
7|31/12/2016|01|001|32921||6|20470234599|AK DRILLING INTERNATIONAL S.A.||0.00|0.00|0.00||0.00|337.5||||
7|31/12/2016|01|001|32922||6|20470234599|AK DRILLING INTERNATIONAL S.A.||0.00|0.00|0.00||0.00|543.0||||
7|31/12/2016|01|001|32923||6|20470234599|AK DRILLING INTERNATIONAL S.A.||0.00|0.00|0.00||0.00|185.0||||
7|31/12/2016|01|001|32925||6|20470234599|AK DRILLING INTERNATIONAL S.A.||0.00|0.00|0.00||0.00|78.0||||
7|31/12/2016|01|001|33030||6|20470234599|AK DRILLING INTERNATIONAL S.A.||0.00|0.00|0.00||0.00|132.0||||
7|31/12/2016|01|001|33031||6|20470234599|AK DRILLING INTERNATIONAL S.A.||0.00|0.00|0.00||0.00|217.0||||
7|31/12/2016|01|001|33032||6|20470234599|AK DRILLING INTERNATIONAL S.A.||0.00|0.00|0.00||0.00|571.0||||
7|31/12/2016|01|001|33033||6|20470234599|AK DRILLING INTERNATIONAL S.A.||0.00|0.00|0.00||0.00|6366.47||||
7|31/12/2016|01|001|33034||6|20470234599|AK DRILLING INTERNATIONAL S.A.||0.00|0.00|0.00||0.00|17051.0||||
7|31/12/2016|01|001|33035||6|20470234599|AK DRILLING INTERNATIONAL S.A.||0.00|0.00|0.00||0.00|14750.0||||
7|31/12/2016|01|001|33036||6|20470234599|AK DRILLING INTERNATIONAL S.A.||0.00|0.00|0.00||0.00|6608.0||||
7|31/12/2016|01|001|33037||6|20470234599|AK DRILLING INTERNATIONAL S.A.||0.00|0.00|0.00||0.00|2950.0||||
7|31/12/2016|01|001|33104||6|20470234599|AK DRILLING INTERNATIONAL S.A.||0.00|0.00|0.00||0.00|5428.0||||
7|31/12/2016|01|001|33452||6|20100028698|FERREYROS SOCIEDAD ANONIMA||0.00|0.00|0.00||0.00|783.52||||
7|31/12/2016|01|001|33453||6|20100028698|FERREYROS SOCIEDAD ANONIMA||0.00|0.00|0.00||0.00|783.52||||
7|31/12/2016|01|001|33106||6|20470234599|AK DRILLING INTERNATIONAL S.A.||0.00|0.00|0.00||0.00|5428.0||||
7|31/12/2016|01|001|33107||6|20470234599|AK DRILLING INTERNATIONAL S.A.||0.00|0.00|0.00||0.00|8496.0||||
7|31/12/2016|01|001|33108||6|20470234599|AK DRILLING INTERNATIONAL S.A.||0.00|0.00|0.00||0.00|3964.8||||
7|31/12/2016|01|001|33282||6|20470234599|AK DRILLING INTERNATIONAL S.A.||0.00|0.00|0.00||0.00|13924.0||||
7|31/12/2016|01|001|33350||6|20470234599|AK DRILLING INTERNATIONAL S.A.||0.00|0.00|0.00||0.00|5782.0||||
7|31/12/2016|01|001|33351||6|20470234599|AK DRILLING INTERNATIONAL S.A.||0.00|0.00|0.00||0.00|5782.0||||
7|31/12/2016|01|001|33352||6|20470234599|AK DRILLING INTERNATIONAL S.A.||0.00|0.00|0.00||0.00|9204.0||||
7|31/12/2016|01|001|33353||6|20470234599|AK DRILLING INTERNATIONAL S.A.||0.00|0.00|0.00||0.00|7139.0||||
7|31/12/2016|01|001|33354||6|20470234599|AK DRILLING INTERNATIONAL S.A.||0.00|0.00|0.00||0.00|10030.0||||
7|31/12/2016|01|001|33356||6|20470234599|AK DRILLING INTERNATIONAL S.A.||0.00|0.00|0.00||0.00|4956.0||||
7|31/12/2016|01|001|33357||6|20470234599|AK DRILLING INTERNATIONAL S.A.||0.00|0.00|0.00||0.00|2360.0||||
7|31/12/2016|01|001|33509||6|20470234599|AK DRILLING INTERNATIONAL S.A.||0.00|0.00|0.00||0.00|8024.0||||
7|31/12/2016|01|001|31049||6|20296027945|C.A.M.E CONTRATISTAS Y SERV.GENERALES SA||0.00|0.00|0.00||0.00|23718.0||||
7|31/12/2016|01|001|31050||6|20296027945|C.A.M.E CONTRATISTAS Y SERV.GENERALES SA||0.00|0.00|0.00||0.00|2360.0||||
7|31/12/2016|01|001|31536||6|20100082391|COSAPI S A||0.00|0.00|0.00||0.00|95.0||||
7|31/12/2016|01|001|33253||6|20100082391|COSAPI S A||0.00|0.00|0.00||0.00|3738.0||||
7|31/12/2016|01|001|33254||6|20100082391|COSAPI S A||0.00|0.00|0.00||0.00|3738.0||||
7|31/12/2016|01|001|33255||6|20100082391|COSAPI S A||0.00|0.00|0.00||0.00|3738.0||||
7|31/12/2016|01|001|32034||6|20470234599|AK DRILLING INTERNATIONAL S.A.||0.00|0.00|0.00||0.00|319.0||||
7|31/12/2016|01|001|33348||6|20100082391|COSAPI S A||0.00|0.00|0.00||0.00|5437.0||||
7|31/12/2016|01|001|33347||6|20100082391|COSAPI S A||0.00|0.00|0.00||0.00|3738.0||||
7|31/12/2016|01|001|33513||6|20100082391|COSAPI S A||0.00|0.00|0.00||0.00|3894.0||||
7|31/12/2016|01|001|31961||6|20100028698|FERREYROS SOCIEDAD ANONIMA||0.00|0.00|0.00||0.00|15.93||||
7|31/12/2016|01|001|31963||6|20100028698|FERREYROS SOCIEDAD ANONIMA||0.00|0.00|0.00||0.00|15.93||||
7|31/12/2016|01|001|33386||6|20100028698|FERREYROS SOCIEDAD ANONIMA||0.00|0.00|0.00||0.00|2124.0||||
7|31/12/2016|01|001|33448||6|20100028698|FERREYROS SOCIEDAD ANONIMA||0.00|0.00|0.00||0.00|783.52||||
7|31/12/2016|01|001|33449||6|20100028698|FERREYROS SOCIEDAD ANONIMA||0.00|0.00|0.00||0.00|783.52||||
7|31/12/2016|01|001|33451||6|20100028698|FERREYROS SOCIEDAD ANONIMA||0.00|0.00|0.00||0.00|783.52||||
7|31/12/2016|01|001|33454||6|20100028698|FERREYROS SOCIEDAD ANONIMA||0.00|0.00|0.00||0.00|783.52||||
7|31/12/2016|01|001|33457||6|20100028698|FERREYROS SOCIEDAD ANONIMA||0.00|0.00|0.00||0.00|45258.9||||
7|31/12/2016|01|001|33458||6|20100028698|FERREYROS SOCIEDAD ANONIMA||0.00|0.00|0.00||0.00|41677.6||||
7|31/12/2016|01|001|33460||6|20100028698|FERREYROS SOCIEDAD ANONIMA||0.00|0.00|0.00||0.00|17027.4||||
7|31/12/2016|01|001|33465||6|20100028698|FERREYROS SOCIEDAD ANONIMA||0.00|0.00|0.00||0.00|6461.68||||
7|31/12/2016|01|001|33319||6|20100154057|G Y M S.A.||0.00|0.00|0.00||0.00|5551.0||||
7|31/12/2016|01|001|33320||6|20100154057|G Y M S.A.||0.00|0.00|0.00||0.00|27527.0||||
7|31/12/2016|01|001|33321||6|20100154057|G Y M S.A.||0.00|0.00|0.00||0.00|2707.2||||
7|31/12/2016|01|001|33322||6|20100154057|G Y M S.A.||0.00|0.00|0.00||0.00|26734.0||||
7|31/12/2016|01|001|33323||6|20100154057|G Y M S.A.||0.00|0.00|0.00||0.00|33418.0||||
7|31/12/2016|01|001|33324||6|20100154057|G Y M S.A.||0.00|0.00|0.00||0.00|33418.0||||
7|31/12/2016|01|001|33326||6|20100154057|G Y M S.A.||0.00|0.00|0.00||0.00|4248.0||||
7|31/12/2016|01|001|33329||6|20100154057|G Y M S.A.||0.00|0.00|0.00||0.00|14125.6||||
7|31/12/2016|01|001|33360||6|20100154057|G Y M S.A.||0.00|0.00|0.00||0.00|6684.0||||
7|31/12/2016|01|001|33361||6|20100154057|G Y M S.A.||0.00|0.00|0.00||0.00|2775.0||||
7|31/12/2016|01|001|33403||6|20100154057|G Y M S.A.||0.00|0.00|0.00||0.00|4633.2||||
7|31/12/2016|01|001|33404||6|20100154057|G Y M S.A.||0.00|0.00|0.00||0.00|6684.0||||
7|31/12/2016|01|001|33405||6|20100154057|G Y M S.A.||0.00|0.00|0.00||0.00|6797.0||||
7|31/12/2016|01|001|33406||6|20100154057|G Y M S.A.||0.00|0.00|0.00||0.00|6797.0||||
7|31/12/2016|01|001|33470||6|20100154057|G Y M S.A.||0.00|0.00|0.00||0.00|5551.0||||
7|31/12/2016|01|001|33471||6|20100154057|G Y M S.A.||0.00|0.00|0.00||0.00|6684.0||||
7|31/12/2016|01|001|33472||6|20100154057|G Y M S.A.||0.00|0.00|0.00||0.00|9561.2||||
7|31/12/2016|01|001|33492||6|20100154057|G Y M S.A.||0.00|0.00|0.00||0.00|1699.0||||
7|31/12/2016|01|001|33493||6|20100154057|G Y M S.A.||0.00|0.00|0.00||0.00|1699.0||||
7|31/12/2016|01|001|33494||6|20100154057|G Y M S.A.||0.00|0.00|0.00||0.00|2662.0||||
7|31/12/2016|01|001|33495||6|20100154057|G Y M S.A.||0.00|0.00|0.00||0.00|8768.2||||
7|31/12/2016|01|001|33496||6|20100154057|G Y M S.A.||0.00|0.00|0.00||0.00|35343.0||||
7|31/12/2016|01|001|33497||6|20100154057|G Y M S.A.||0.00|0.00|0.00||0.00|13594.0||||
7|31/12/2016|01|001|33498||6|20100154057|G Y M S.A.||0.00|0.00|0.00||0.00|19031.0||||
7|31/12/2016|01|001|33503||6|20100154057|G Y M S.A.||0.00|0.00|0.00||0.00|5168.4||||
7|31/12/2016|01|001|33504||6|20100154057|G Y M S.A.||0.00|0.00|0.00||0.00|8260.0||||
7|31/12/2016|01|001|33289||6|20109925757|HAUG S.A.||0.00|0.00|0.00||0.00|3965.0||||
7|31/12/2016|01|001|33292||6|20109925757|HAUG S.A.||0.00|0.00|0.00||0.00|4758.0||||
7|31/12/2016|01|001|33293||6|20109925757|HAUG S.A.||0.00|0.00|0.00||0.00|10875.0||||
7|31/12/2016|01|001|33294||6|20109925757|HAUG S.A.||0.00|0.00|0.00||0.00|4418.0||||
7|31/12/2016|01|001|32035||6|20470234599|AK DRILLING INTERNATIONAL S.A.||0.00|0.00|0.00||0.00|647.0||||
7|31/12/2016|01|001|33295||6|20109925757|HAUG S.A.||0.00|0.00|0.00||0.00|3512.0||||
7|31/12/2016|01|001|33296||6|20109925757|HAUG S.A.||0.00|0.00|0.00||0.00|5437.0||||
7|31/12/2016|01|001|33297||6|20109925757|HAUG S.A.||0.00|0.00|0.00||0.00|2039.0||||
7|31/12/2016|01|001|33369||6|20109925757|HAUG S.A.||0.00|0.00|0.00||0.00|3965.0||||
7|31/12/2016|01|001|33370||6|20109925757|HAUG S.A.||0.00|0.00|0.00||0.00|2039.0||||
7|31/12/2016|01|001|33371||6|20109925757|HAUG S.A.||0.00|0.00|0.00||0.00|2266.0||||
7|31/12/2016|01|001|33483||6|20109925757|HAUG S.A.||0.00|0.00|0.00||0.00|2419.0||||
7|31/12/2016|01|001|33484||6|20109925757|HAUG S.A.||0.00|0.00|0.00||0.00|5664.0||||
7|31/12/2016|01|001|33486||6|20109925757|HAUG S.A.||0.00|0.00|0.00||0.00|4838.0||||
7|31/12/2016|01|001|33502||6|20109925757|HAUG S.A.||0.00|0.00|0.00||0.00|4838.0||||
7|31/12/2016|01|001|33505||6|20109925757|HAUG S.A.||0.00|0.00|0.00||0.00|2419.0||||
7|31/12/2016|01|001|33507||6|20109925757|HAUG S.A.||0.00|0.00|0.00||0.00|5664.0||||
7|31/12/2016|01|001|32650||6|20563546116|ELECTRONIC INTELLIGENT SOLUTIONS SOCIEDAD ANONIMA||0.00|0.00|0.00||0.00|472.0||||
7|31/12/2016|01|001|32951||6|20142920558|IMECON S.A.||0.00|0.00|0.00||0.00|906.0||||
7|31/12/2016|01|001|33094||6|20142920558|IMECON S.A.||0.00|0.00|0.00||0.00|13594.0||||
7|31/12/2016|01|001|33143||6|20142920558|IMECON S.A.||0.00|0.00|0.00||0.00|11894.0||||
7|31/12/2016|01|001|33222||6|20142920558|IMECON S.A.||0.00|0.00|0.00||0.00|6797.0||||
7|31/12/2016|01|001|33223||6|20142920558|IMECON S.A.||0.00|0.00|0.00||0.00|6797.0||||
7|31/12/2016|01|001|33224||6|20142920558|IMECON S.A.||0.00|0.00|0.00||0.00|6797.0||||
7|31/12/2016|01|001|33440||6|20142920558|IMECON S.A.||0.00|0.00|0.00||0.00|7080.0||||
7|31/12/2016|01|001|33446||6|20142920558|IMECON S.A.||0.00|0.00|0.00||0.00|1534.0||||
7|31/12/2016|01|001|33283||6|20302241598|KOMATSU-MITSUI MAQUINARIAS PERU S.A.||0.00|0.00|0.00||0.00|2376.76||||
7|31/12/2016|01|001|33284||6|20302241598|KOMATSU-MITSUI MAQUINARIAS PERU S.A.||0.00|0.00|0.00||0.00|1928.24||||
7|31/12/2016|01|001|33461||6|20302241598|KOMATSU-MITSUI MAQUINARIAS PERU S.A.||0.00|0.00|0.00||0.00|2945.0||||
7|31/12/2016|01|001|33462||6|20302241598|KOMATSU-MITSUI MAQUINARIAS PERU S.A.||0.00|0.00|0.00||0.00|8836.0||||
7|31/12/2016|01|001|33467||6|20302241598|KOMATSU-MITSUI MAQUINARIAS PERU S.A.||0.00|0.00|0.00||0.00|11564.0||||
7|31/12/2016|01|001|33468||6|20302241598|KOMATSU-MITSUI MAQUINARIAS PERU S.A.||0.00|0.00|0.00||0.00|2605.0||||
7|31/12/2016|01|001|33518||6|20302241598|KOMATSU-MITSUI MAQUINARIAS PERU S.A.||0.00|0.00|0.00||0.00|1770.0||||
7|31/12/2016|01|001|33519||6|20302241598|KOMATSU-MITSUI MAQUINARIAS PERU S.A.||0.00|0.00|0.00||0.00|1770.0||||
7|31/12/2016|01|001|33520||6|20302241598|KOMATSU-MITSUI MAQUINARIAS PERU S.A.||0.00|0.00|0.00||0.00|16284.0||||
7|31/12/2016|01|001|19203||6|10292917177|MOGROVEJO ARANZAMENDI JULIO CESAR||0.00|0.00|0.00||0.00|2500.0||||
7|31/12/2016|01|001|33500||6|20600373863|SBP S.A.C.||0.00|0.00|0.00||0.00|222.0||||
7|31/12/2016|01|001|33501||6|20600373863|SBP S.A.C.||0.00|0.00|0.00||0.00|222.0||||
7|31/12/2016|01|001|33510||6|20600373863|SBP S.A.C.||0.00|0.00|0.00||0.00|3363.0||||
7|31/12/2016|01|001|33514||6|20600373863|SBP S.A.C.||0.00|0.00|0.00||0.00|837.8||||
7|31/12/2016|01|001|33299||6|20546121250|STRACON GYM S.A.||0.00|0.00|0.00||0.00|15825.6||||
7|31/12/2016|01|001|33362||6|20546121250|STRACON GYM S.A.||0.00|0.00|0.00||0.00|1499.14||||
7|31/12/2016|01|001|33390||6|20546121250|STRACON GYM S.A.||0.00|0.00|0.00||0.00|9277.2||||
7|31/12/2016|01|001|33391||6|20546121250|STRACON GYM S.A.||0.00|0.00|0.00||0.00|906.0||||
7|31/12/2016|01|001|33392||6|20546121250|STRACON GYM S.A.||0.00|0.00|0.00||0.00|9643.34||||
7|31/12/2016|01|001|33397||6|20546121250|STRACON GYM S.A.||0.00|0.00|0.00||0.00|793.0||||
7|31/12/2016|01|001|33398||6|20546121250|STRACON GYM S.A.||0.00|0.00|0.00||0.00|10643.1||||
7|31/12/2016|01|001|33399||6|20546121250|STRACON GYM S.A.||0.00|0.00|0.00||0.00|5856.6||||
7|31/12/2016|01|001|33400||6|20546121250|STRACON GYM S.A.||0.00|0.00|0.00||0.00|12811.8||||
7|31/12/2016|01|001|33401||6|20546121250|STRACON GYM S.A.||0.00|0.00|0.00||0.00|1138.9||||
7|31/12/2016|01|001|33402||6|20546121250|STRACON GYM S.A.||0.00|0.00|0.00||0.00|998.76||||
7|31/12/2016|01|001|32036||6|20470234599|AK DRILLING INTERNATIONAL S.A.||0.00|0.00|0.00||0.00|198.0||||
7|31/12/2016|01|001|32037||6|20470234599|AK DRILLING INTERNATIONAL S.A.||0.00|0.00|0.00||0.00|151.0||||
7|31/12/2016|01|001|32038||6|20470234599|AK DRILLING INTERNATIONAL S.A.||0.00|0.00|0.00||0.00|227.0||||
7|31/12/2016|01|001|32039||6|20470234599|AK DRILLING INTERNATIONAL S.A.||0.00|0.00|0.00||0.00|595.0||||
7|31/12/2016|01|001|32040||6|20470234599|AK DRILLING INTERNATIONAL S.A.||0.00|0.00|0.00||0.00|319.0||||
7|31/12/2016|01|001|32041||6|20470234599|AK DRILLING INTERNATIONAL S.A.||0.00|0.00|0.00||0.00|415.0||||
7|31/12/2016|01|001|32042||6|20470234599|AK DRILLING INTERNATIONAL S.A.||0.00|0.00|0.00||0.00|415.0||||
7|31/12/2016|01|001|32043||6|20470234599|AK DRILLING INTERNATIONAL S.A.||0.00|0.00|0.00||0.00|415.0||||
7|31/12/2016|01|001|32045||6|20470234599|AK DRILLING INTERNATIONAL S.A.||0.00|0.00|0.00||0.00|731.6||||
7|31/12/2016|01|001|32046||6|20470234599|AK DRILLING INTERNATIONAL S.A.||0.00|0.00|0.00||0.00|561.12||||
7|31/12/2016|01|001|32204||6|20470234599|AK DRILLING INTERNATIONAL S.A.||0.00|0.00|0.00||0.00|519.0||||
7|31/12/2016|01|001|32205||6|20470234599|AK DRILLING INTERNATIONAL S.A.||0.00|0.00|0.00||0.00|472.0||||
7|31/12/2016|01|001|32206||6|20470234599|AK DRILLING INTERNATIONAL S.A.||0.00|0.00|0.00||0.00|472.0||||
7|31/12/2016|01|001|32207||6|20470234599|AK DRILLING INTERNATIONAL S.A.||0.00|0.00|0.00||0.00|444.0||||
7|31/12/2016|01|001|32208||6|20470234599|AK DRILLING INTERNATIONAL S.A.||0.00|0.00|0.00||0.00|463.0||||
7|31/12/2016|01|001|32209||6|20470234599|AK DRILLING INTERNATIONAL S.A.||0.00|0.00|0.00||0.00|118.0||||
7|31/12/2016|01|001|32037||6|20470234599|AK DRILLING INTERNATIONAL S.A.||0.00|0.00|0.00||0.00|151.0||||
7|31/12/2016|01|001|32772||6|20470234599|AK DRILLING INTERNATIONAL S.A.||0.00|0.00|0.00||0.00|264.0||||
7|31/12/2016|01|001|32854||6|20470234599|AK DRILLING INTERNATIONAL S.A.||0.00|0.00|0.00||0.00|291.0||||
7|31/12/2016|01|001|32855||6|20470234599|AK DRILLING INTERNATIONAL S.A.||0.00|0.00|0.00||0.00|132.0||||
7|31/12/2016|01|001|32856||6|20470234599|AK DRILLING INTERNATIONAL S.A.||0.00|0.00|0.00||0.00|264.0||||
7|31/12/2016|01|001|32857||6|20470234599|AK DRILLING INTERNATIONAL S.A.||0.00|0.00|0.00||0.00|99.0||||
7|31/12/2016|01|001|32918||6|20470234599|AK DRILLING INTERNATIONAL S.A.||0.00|0.00|0.00||0.00|307.0||||
7|31/12/2016|01|001|32919||6|20470234599|AK DRILLING INTERNATIONAL S.A.||0.00|0.00|0.00||0.00|291.0||||
7|31/12/2016|01|001|32921||6|20470234599|AK DRILLING INTERNATIONAL S.A.||0.00|0.00|0.00||0.00|337.5||||
7|31/12/2016|01|001|32922||6|20470234599|AK DRILLING INTERNATIONAL S.A.||0.00|0.00|0.00||0.00|543.0||||
7|31/12/2016|01|001|32923||6|20470234599|AK DRILLING INTERNATIONAL S.A.||0.00|0.00|0.00||0.00|185.0||||
7|31/12/2016|01|001|32924||6|20470234599|AK DRILLING INTERNATIONAL S.A.||0.00|0.00|0.00||0.00|94.0||||
7|31/12/2016|01|001|32925||6|20470234599|AK DRILLING INTERNATIONAL S.A.||0.00|0.00|0.00||0.00|78.0||||
7|31/12/2016|01|001|33030||6|20470234599|AK DRILLING INTERNATIONAL S.A.||0.00|0.00|0.00||0.00|132.0||||
7|31/12/2016|01|001|33031||6|20470234599|AK DRILLING INTERNATIONAL S.A.||0.00|0.00|0.00||0.00|217.0||||
7|31/12/2016|01|001|33032||6|20470234599|AK DRILLING INTERNATIONAL S.A.||0.00|0.00|0.00||0.00|571.0||||
7|31/12/2016|01|001|32038||6|20470234599|AK DRILLING INTERNATIONAL S.A.||0.00|0.00|0.00||0.00|227.0||||
7|31/12/2016|01|001|32641||6|20470234599|AK DRILLING INTERNATIONAL S.A.||0.00|0.00|0.00||0.00|202.96||||
7|31/12/2016|01|001|32768||6|20470234599|AK DRILLING INTERNATIONAL S.A.||0.00|0.00|0.00||0.00|212.0||||
7|31/12/2016|01|001|32924||6|20470234599|AK DRILLING INTERNATIONAL S.A.||0.00|0.00|0.00||0.00|94.0||||
7|31/12/2016|01|001|33105||6|20470234599|AK DRILLING INTERNATIONAL S.A.||0.00|0.00|0.00||0.00|14750.0||||
7|31/12/2016|01|001|33355||6|20470234599|AK DRILLING INTERNATIONAL S.A.||0.00|0.00|0.00||0.00|2360.0||||
7|31/12/2016|01|001|33512||6|20100082391|COSAPI S A||0.00|0.00|0.00||0.00|3422.0||||
7|31/12/2016|01|001|33459||6|20100028698|FERREYROS SOCIEDAD ANONIMA||0.00|0.00|0.00||0.00|3894.0||||
7|31/12/2016|01|001|33325||6|20100154057|G Y M S.A.||0.00|0.00|0.00||0.00|33418.0||||
7|31/12/2016|01|001|33485||6|20109925757|HAUG S.A.||0.00|0.00|0.00||0.00|5664.0||||
7|31/12/2016|01|001|33439||6|20142920558|IMECON S.A.||0.00|0.00|0.00||0.00|7080.0||||
7|31/12/2016|01|001|33499||6|20600373863|SBP S.A.C.||0.00|0.00|0.00||0.00|222.0||||
7|31/12/2016|01|001|33372||6|20556193879|SKEX CONSTRUCCIONES S,A.C.||0.00|0.00|0.00||0.00|7316.0||||
7|31/12/2016|01|001|33373||6|20556193879|SKEX CONSTRUCCIONES S,A.C.||0.00|0.00|0.00||0.00|69266.0||||
7|31/12/2016|01|001|31975||6|20101145868|TECNICAS METALICAS INGENIEROS S.A.C.||0.00|0.00|0.00||0.00|19.47||||
7|31/12/2016|01|001|31978||6|20101145868|TECNICAS METALICAS INGENIEROS S.A.C.||0.00|0.00|0.00||0.00|19.47||||
7|31/12/2016|01|001|33376||6|20417573705|TECNO FAST S.A.C.||0.00|0.00|0.00||0.00|16815.0||||
7|31/12/2016|01|001|33393||6|20546121250|STRACON GYM S.A.||0.00|0.00|0.00||0.00|2656.1||||
7|31/12/2016|01|001|33394||6|20546121250|STRACON GYM S.A.||0.00|0.00|0.00||0.00|11045.0||||
7|31/12/2016|01|001|33395||6|20546121250|STRACON GYM S.A.||0.00|0.00|0.00||0.00|4995.8||||
7|31/12/2016|01|001|33396||6|20546121250|STRACON GYM S.A.||0.00|0.00|0.00||0.00|3398.0||||
7|31/12/2016|01|001|33379||6|20417573705|TECNO FAST S.A.C.||0.00|0.00|0.00||0.00|4130.0||||
7|31/12/2016|01|001|33381||6|20417573705|TECNO FAST S.A.C.||0.00|0.00|0.00||0.00|1180.0||||
7|31/12/2016|01|001|33382||6|20417573705|TECNO FAST S.A.C.||0.00|0.00|0.00||0.00|1180.0||||
7|31/12/2016|01|001|33383||6|20417573705|TECNO FAST S.A.C.||0.00|0.00|0.00||0.00|29500.0||||
7|31/12/2016|01|001|33384||6|20417573705|TECNO FAST S.A.C.||0.00|0.00|0.00||0.00|29500.0||||
7|31/12/2016|01|001|33385||6|20417573705|TECNO FAST S.A.C.||0.00|0.00|0.00||0.00|29500.0||||
7|31/12/2016|01|001|33387||6|20417573705|TECNO FAST S.A.C.||0.00|0.00|0.00||0.00|22420.0||||
7|31/12/2016|01|001|33388||6|20417573705|TECNO FAST S.A.C.||0.00|0.00|0.00||0.00|22420.0||||
7|31/12/2016|01|001|33389||6|20417573705|TECNO FAST S.A.C.||0.00|0.00|0.00||0.00|42480.0||||
7|31/12/2016|01|001|33444||6|20417573705|TECNO FAST S.A.C.||0.00|0.00|0.00||0.00|29500.0||||
7|31/12/2016|01|001|33445||6|20417573705|TECNO FAST S.A.C.||0.00|0.00|0.00||0.00|29500.0||||
7|31/12/2016|01|001|33447||6|20417573705|TECNO FAST S.A.C.||0.00|0.00|0.00||0.00|29500.0||||
7|31/12/2016|01|001|33455||6|20417573705|TECNO FAST S.A.C.||0.00|0.00|0.00||0.00|320.96||||
7|31/12/2016|01|001|33456||6|20417573705|TECNO FAST S.A.C.||0.00|0.00|0.00||0.00|320.96||||
7|31/12/2016|01|001|31987||6|20454133146|G & T S.A.C.||0.00|0.00|0.00||0.00|566.4||||
7|31/12/2016|01|001|33491||6|20454133146|G & T S.A.C.||0.00|0.00|0.00||0.00|8024.0||||
7|31/12/2016|01|001|33508||6|20106740004|VULCO PERU S.A.||0.00|0.00|0.00||0.00|58174.0||||
